$ANSIBLE_VAULT;1.1;AES256
66323736393562373235303639643636653161323161353031653763303732363932643335376531
3639316334653339663138396231656564616363646538340a356235653238363737623835383833
30636563316364336633306434653266383036313936323862303737383637663032336330643030
3635316139336438660a376639646638653532313664333735326534323563653564383936666532
32383666666136353936343365313832353533316133626530333266653034343733613463383439
65653635653663303365653761393234666435623230396532623236653966346533323436333733
39323938366266343865386661336636336432356462666634303035646636396366366561343637
62303734313035376432353132393331373431656232343261376638343532356335653136323966
64313538383038383164653933616162636435656233653962383466663139393266666435343661
62333463653533393564303461626338306336633066393631326234343336633631623266336635
35646434663464626434653463343365643335376130306464663366393361316133343937323230
64396461323835646365396430626364663032323631653634306330636638393765666364353739
62666337613832373637616336633938323133323334636364656333643439373965623462386130
65313631383562636436626637386338633462326662306232643764363263663932636133623961
35396337306434373062636263656266656265323634336138373330636161623634636639313134
34663064616562366363616437373039313136643835353330646638623936323136643232646361
66386437643738333366333730306162656566353534626336383732313238303866666134636662
33623662623539346662653030663264346336336533623839333665383535636463653833386665
31306236343139353433323062316439666235626363346631396633363962383432316466326333
32333335396536343566306665656135633165643335636463363966313964666330666133346430
34366362346236373638303261636566303464323261363536303363393062373836353535643530
39323836393038353730363837663562313834626134643061313262363364643562313162643564
31613732346131346137623135663335643762383832336531336635363237666133666234333933
30616530633235363630646562366331333135383234323336373637356132303537623666613330
64313539386561616463646239366231623939626530643236316566653833383335
