$ANSIBLE_VAULT;1.1;AES256
39663263636235333334613564643264663237653437393963326239363832333635633430363931
3162653735643861393339336636363765653563376533660a353432343039373464633862353666
61646433333234636265623731303538326535653333376565303635396235396231653331393532
3432303535383861380a646132386163666262616337316334373339393635636463646438656261
66333963666134393463353265303339383633386564316537316435666566666161313163303963
35363637363064383762373131643232356634383764623964346337373235303465393763313632
63643738303265326461316462343564336431333264333038373062663330373632623861306633
62356237333835346437663535373135613834373035623266313633383235363466616536626532
65383032346534663066653363313339303762306664306432313039346139313734626364613738
37333338333034633837326464653563656430363637383833356537346163326434373330643764
34303738666462623039643762363439373931666138336431396563633666383035613134613963
64393630633361633764653931633761643261393963623131393966643535363930653265636536
63616266636637613335643563623832613464336564393837363564346133616166376366656266
32376637313738363561376130613366326334373166366165393338613637633330373631303434
37343335643138383232613164353835643830346335626535366634623463653465336564396537
37633439343432343462373338303834643232383137303162373336313537336565636430313331
64636533663431323131333935313466316466373761633065663062626332653730393864646562
66346663663639326235343739636361313064373763363136656663323965356339336236356162
62643033353439373165343436353837376666376664636665386662633132303436376636313964
62623034656635383130313162326232383436383732366266623139333761313965323638353664
35623662343136623939393265353831633432613465626364323533323665353434393866633061
62613737306233353963323930336438616436303931643039613163356430663263383439313461
31313862623934313437373466663066323630643239653632646361636562656163326365333430
30663664336164663066616631393335353066316334306339366463313535633761303061643566
31396531623339623366656461353032383361646333316431613865373662613038326330643861
36663236373836663337656365643533626232363234323136643332393066303534323533373966
31303032386664383161653232323532346466643162656634323830643932366439333863323665
31626166623635346564653862393861353035616638373561383732313436313863316136303134
33633564373263303336656265373363646431646539396534646439626239366338346263306434
61333364376338623232393364653666646638636234323837306637616463653632303463356361
61613164303864393463353736643633343731363166633362386633613830653462366264373537
36313662373362356166346230313835373134613332396435613736663630316335346639656164
66653665323135313034333432316335366138356138353762623064313534313535313433636133
30373334346361356664356430313735383433393333353937333535636564393963653765386366
33376264323162633965346366333137373231373965623535393061363063333563393432363139
34343062363835613965626131316564306334336230613862336661623333343739313736633262
38636436646131396335333531616438626266633138646266643462373963363765626437316436
61363237316566653734373065646434346133306238646438356239323761633831323932306234
62656532663264303561636665363238376238616435353363616233393232613833343666633232
66643163373133333531636166303662313062613364306330373137636634646162303862316531
63646263616133653438383034333133316636666437643966373462616466303832653336316462
39623964623134386563326237663461393534633466343464383363626364663434383230663333
34383061386634326631643563303230376133373661393661646236633935333337383934623236
34346165396234303263356163613138613732656530646237303061306166653135653066623466
38303339393532323537616262363137653764323935323836353138346432633435333763373766
38333738613061306166326465303564643965626365633664383965366637373930653163633231
66333530646539613631313633333234353564343361333537323462306332616538386362303663
61386635316463333430623930383234306335313838306436373136336265643662343138353338
38643934346565393063626534353939363135633433646437613439303337303864653332396265
65393364333663643466393964303736346565323735386633353534343361303939353236663730
61333331633332353163633864353065373463353063363733336634373164613237663834343532
62613333333337376662666561346633373330363964303435323834656135616463636165303266
31623834663562636465626631376432353934643935306634346434643137613761356535323833
34633135346262393164636164396364326661636662653239366136383939653565333633323830
39323931373037343634346664343466383435633734643330653663366233656337353933653833
64306531373761336231326534323332373338666339643166396436636563633966633666636238
61656161363837633535353166613562623237376637383665353666386531316638666364353238
34613930333938393436633865633139643635633933656234653539353530636231333331383539
31343337353032393965396530356534663131323037613265666366386433363861393531366536
36333862343162643335333562656339333439343465373266663365356132343734343964333764
33363466663832356432633038653630666638666637653332303231663737316432353065316264
30626136353362333663613131323861333666353261633833306635666435643862386533366431
62616266653332653538633338613236666266363737376365366164346163343038623766623232
32393962376266343938663935363331363139356263303765666637343634643633303531353465
65643831643763353330613831373338666161373866663835343236343334326238356331653162
65393239336239633964353462306465353533666637633034396237313835343634633730636363
30633036613436633565356333323935656663353061353033363865386261656636383439373539
62326131613239313663616632343834383961336536323533343230346265366530633837386130
36346637313330396666626331396135613266313630346231623261323439663339396461393434
38653937643362323336313233333263633662663262636365333361623236623534373136313937
36666633636238633837346439663161643737373338613237343939353766323634303937616133
62323762636332336662353236323936656563623565303037633439623933303465633662363234
36396334383632636262663335616537303936626632626462326561636339613635333638303066
30333133393461353666303266346336623235383066356566623738306632343663353833303730
61343431633536633634393935396537373563336533656530306533346430356438386163653661
31373764333937303938366435636162386437613564626634323763353836326161373464393061
63643230323937653836376430386565353566336635626461613762613731663064656438383133
37623166643363393436303234353661616661303266646135373239616536623037383965666266
34363463653430323663326532633131356563666430646239316539353563613033656431623839
65366134666661373462363031653263663730623331613832613261303235663662343161313838
64343965356332376635633764386136623132326431653138663663356333393038336666636233
35333762343962303465326433326161633064316161663062376532376138333234346636343733
32663662646430383032663335366432353635653234643061663735636163626638646162356232
63396265393531613163303531663130306537313331333961323661646334346462383230643738
63616133326234346230396164316230316664306464356330633966613634393564383933643838
35663264386530393466643136323735626437653637633430333835386331623331326466366665
34373062313230303563646235613430383739653433636562303338323436656566306335346165
30633832646564396632303333366137383537333961366662633730656266333364333137386466
33376262633039333263356564616464373333393436366632336562363639386230303233353034
39663431386130313034616331666265313563373835316631653962633033343132343963393636
34333933303364333138613333626336373462396264623261353866633662633062386362346631
31353636373834343966336263366462313631333462643731326133653135316235333864353834
33616231366163653264363565333037623532393236313064613663646663623034306634303965
64613433653535633133653538663733373130623666643265326333383864383231663065373666
61373030633233363635613535396134623334613963306433663233636236303664386137393462
36323961306138333230303363393339343932613034386234336534326539373630643532346632
65646436376635353134323733633237343233393064386137386239366164323331316132353034
64356466643237616638343430356662643762323636616532626332313861353065323539333431
36343931333635363935386466383362663734323137376238333030643262363961663265666439
63316233666638663232363536613831656162383935336432666364656361363265656433663465
61393865306462396630656430343865613863643865636163356265633366333331393438376264
33643666336138613064633534623136353033633165626463343937383233333161383432386263
64616636343438373237666434346134306561373564613632336238613931663366303639643662
39343031306563323962666536383833376336366434663066363430323039663865663766653764
66393766616461643237313635376336383461656534656639363631393438356338323136663339
66643261303264356362313736326433663132653138366566396539383538366234336536633831
30653161313738336463323435346461316237376263323262383337623737616330353238633362
34383065633731643639343639386533373732613665393665353833656639663133386163643865
39366537393332313539353031636632303866386339613062333232623661626639396564613339
65643334386137663134303737616538643331306431623464353363373932623365633366643662
37363337666335313539353634316338343931633062313962653466646635633831353163323064
62306365303663363638636662663930316264363263643166316135346637303038663236353930
32333237396165376138376435336331326262313264353232393034656430613962363838393364
62306461323639363438393037386235626461613630623134626436653032393139656465633836
32636163626261613936623531373739633035623237653264353764666637366133626261393866
37636130666364336664313337323564353965393835616331336564643335313566396533336433
34653539303463626331376237333736363764646536346232353062643662633137613063303866
63316563393132303139383436613439396166326437623539376466623934373430633465343363
36313463326462383566363139303034303266633734373437346361653231323463306239363865
31643263636466623834373138623235613663633731386233373238306138376639623763323633
62366362663765666632323333663635663163343263636437303761313631666533333635336233
64363064393834356662303030356533663532373738383238303761633034393236353439356537
65636534353235636638303330376539303462306264363661643936623930313862396431643336
37303530623934656337663933386435343139306634363464363034396337623532663064393566
33303237636565353635356661653935356166383563663935396130613831363238653531316561
32333462306634663039393039393639313831663239356433373166386237383732356639323465
35646266376135376465336465323962313464633633616163653137663065353933653335613434
31633138366636313338326434653939613230623664656166303430353439643162663362323366
34396534633236646637396434663637613136326537366366616532393765393465623634636334
30323430363632303765666538326264383133313536303835366237626330643034343839633061
36353030356362383431363633613239373963623663376336343839633133323036326332633938
36393863343738376662346261623966663832643934663865346163333964333135376339623039
32616435386661373561323165336531393730626265613766393437393533316364646566346362
33336466336462316234396161383162313032326335363132346532336139303131333763366263
36366535396264323633303664303662306632343537666162373165653263366633636236383539
39326265343333383937663939663066353939373531613834363933373330663762386533353463
32366434383931633633353261303062396666396534333562396130333361313661656435316138
65363463643539353431363662383966656238363764363737333664333637303530303137323836
65646266626562303337633337636665663461313935363664373635643461373434656439626130
38623531626330626630393739333035306433383366646661353261373930346337653636353138
36636463643538633135633064376235326632633835633736396531613365306532663033356434
33643534356636373436656137633837613539353435353239653739643735623031346238656535
31613731306336643636303462313439376532323534343963643062656530383435306233326134
35306261383137316562653138636165626565633337616234326134336535333631393532663962
66393435376666353931643065313834356363303436333461633863303133393861623335333730
37313039633035656331343864333936653466346235646532333435386332623438616338363961
38333735386639623237323834656535303339616239373638356634366362653361663162303861
37633162616134326162396236333234303762646264663565623834383966656536646164373232
30366532353562326265356239663661393766616365333334346437666536393439313732386536
38363930656632343234633737386534666664383830333630353833366330336664613130666530
37356338346264653938323534333933643535353161653835356130623135343631323033353136
61666362646537363063363232323931343034376361356361366331323962306635623335316633
62623234356435393735306162373632383836653538613239626234626365356137316361666537
33663336326136643830613934373263393839396531656339353465343838663331373137626664
38356135376664656266396163336138626564316135646562316331643561313038643738323632
64363930373766356166336138326262633139653039333662336532643230383562376235373063
62613730306634636365383931383366393638333234366239303561636632613032326530613336
37343736616538636564333532663035303464346637636564616666373966656333353333306631
30363733326336336335313961326339653135373533336334396636636534383831353762383235
38633836386161393033653866623764646263653163666662653366343530393733353766333165
36336433333565656166303735333336396131363234346533383937373635613732666532393562
66333934333736313766623434383832636665323032623730386238303561373166306264653736
62353565313138643730376638613334613936303439333965623235636439346430316435323536
65346137643263353861366564393039363364336637316234396666363839623537343361663035
30366134306466646561306231653531356566663131613565646130363735626638623939396531
35366463373231633936373662373339393636663464373838636466656638363938313361393733
31316133623031303566643165643262323230393536663135646464656539396632623230333337
63396138663536376361313539353239346465343233656535333762303234313636623232663636
38636533333732363839656235616631393639333431373164396339613162373361653039363937
32363730663533633065366635363632386363656631646335626666633137303532393532376436
37653538353532346633663938353933333330666636616537376335313632356335363066353165
35643163633539613735653536306562633430346466323364313339316533323131323739663430
39356537636363633966666564373764383539363662646437633263636130666631
